1036.5
1151.5
1200.5
1210.5
1220.5
1230.5
1240.5
1270.5
1280.5
1286.5
1290.5
1300.5
1323.5
1330.5
1340.5
1381.5
1390.5
1400.5
1410.5
1420.5
1440.5
1450.5
1460.5
1470.5
1500.5
1503.5
1510.5
1511.5
1513.5
1515.5
1517.5
1519.5
1520.5
1521.5
1523.5
1525.5
1527.5
1530.5
1532.5
1535.5
1539.5
1540.5
1541.5
1543.5
1546.5
1555.5
1560.5
1565.5
1570.5
1572.5
1575.5
1580.5
1581.5
1585.5
1590.5
1592.5
1595.5
1600.5
1605.5
1607.5
1610.5
1615.5
1620.5
1625.5
1630.5
1635.5
1640.5
1645.5
1650.5
1655.5
1660.5
1662.5
1665.5
1667.5
1670.5
1672.5
1680.5
1682.5
1685.5
1687.5
1690.5
1692.5
1695.5
1697.5
1700.5
1702.5
1706.5
1710.5
1715.5
1717.5
1720.5
1730.5
1740.5
1750.5
1760.5
1768.5
1770.5
1780.5
1790.5
1805.5
1820.5
1830.5
1840.5
1860.5
1864.5
1870.5
1880.5
1890.5
1900.5
1910.5
1940.5
1952.5
1960.5
1970.5
1990.5
2000.5
2010.5
2022.5
2030.5
2040.5
2050.5
2060.5
2070.5
2074.5
2080.5
2090.5
2095.5
2110.5
2112.5
2117.5
2122.5
2127.5
2130.5
2132.5
2135.5
2140.5
2142.5
2147.5
2153.5
2170.5
2172.5
2177.5
2180.5
2187.5
2190.5
2192.5
2197.5
2202.5
2207.5
2212.5
2215.5
2218.5
2241.5
2247.5
2250.5
2256.5
2260.5
2262.5
2264.5
2268.5
2270.5
2272.5
