1112.75
1113.75
1114.75
1115.75
1116.75
1117.25
1118.75
1119.75
1120.75
1121.75
1122.75
1123.75
1124.75
1125.75
1126.75
1127.75
1128.95
1130.15
1131.25
1131.75
1131.95
1132.25
1132.75
1133.25
1133.75
1134.75
1135.75
1136.75
1137.75
1138.75
1140.05
1141.25
1142.25
1143.45
1144.75
1145.75
1146.75
1147.75
1148.75
1149.85
1151.05
1152.25
1152.85
1153.45
1154.55
1155.65
1156.25
1156.75
1157.75
1158.75
1159.75
1160.75
1161.75
1162.75
1163.75
1164.75
1165.75
1166.75
1167.75
1168.75
1169.75
1170.75
1171.75
1172.75
1173.75
1174.75
1175.75
1176.75
1177.75
1178.75
1179.75
1180.75
1181.75
1182.75
1183.25
1183.75
1184.75
1185.75
1186.75
1187.25
1187.75
1188.25
1188.75
1189.25
1191.75
1192.25
1192.75
1193.25
1193.75
1194.25
1194.75
1195.25
1196.75
1197.15
1197.65
1198.05
1198.55
1199.05
1199.45
1201.75
1204.25
1209.5
1212.05
1212.45
1213.35
1213.75
1214.15
1214.55
1217.25
1219.75
1222.25
1224.75
1227.25
1229.75
1232.25
1234.75
1237.25
1239.75
1242.25
1244.75
1249.75
