0
2.5
5
7.5
10
12.5
15
17.5
20
22.5
25
27.5
30
32.5
35
37.5
40
42.5
45
47.5
50
52.5
55
57.5
60
62.5
65
67.5
70
72.5
75
77.5
80
82.5
85
87.5
90
92.5
95
97.5
100
102.5
105
107.5
110
112.5
115
117.5
120
122.5
125
127.5
130
132
137
140
142.5
145
147.5
150
152.5
155
157.5
160
162.5
165
167.5
170
172.5
175
177.5
180
182.5
185
187.5
190
192.5
195
197.5
200
202.5
205
207.5
210
212.5
215
217.5
220
222.5
225
227.5
230
232.5
235
237.5
240
242.5
245
247.5
250
251
252
253
254
255
256
257
258
259
260
261
262
263
264
265
266
267
268
269
270
271
272
273
274
275
277
278
280
281
282
283
284
285
286
287
288
289
290
291
292
293
294
295
296
297
298
299
300
301
302
303
304
305
306
307
308
309
310
311
312
313
314
315
316
317
318
319
320
321
322
323
324
325
326
327
329
330
331
332
333
334
335
336
337
338
339
340
341
342
343
344
345
346
347
348
349
350
351
352
353
354
355
356
357
358
359
360
361
362
363
364
365
366
368
369
370
371
372
373
374
375
376
377
378
379
380
381
382
383
384
385
386
387
388
389
390
391
392
393
394
395
396
397
398
400
401
402
403
404
405
406
407
408
409
410
411
412
413
414
415
416
417
418
419
420
421
422
423
424
425
426
427
428
429
430
431
432
433
434
435
436
437
438
439
440
441
442
443
444
445
446
447
448
449
450
451
452
453
454
455
456
457
458
459
460
461
463
464
465
466
467
468
469
470
471
472
473
474
475
476
477
478
479
480
481
482
483
484
485
486
487
488
489
490
491
492
493
494
495
496
497
498
499
500
501
502
503
504
505
506
507
508
509
510
511
512
513
514
515
516
517
518
519
520
521
522
523
524
525
526
527
528
529
530
531
532
533
534
535
536
537
538
539
540
541
542
543
544
545
546
547
549
550
551
552
553
554
555
556
557
558
559
560
562.5
565
567.5
570
572.5
575
577.5
580
582.5
585
587.5
590
592.5
595
597.5
600
602.5
605
607.5
610
612.5
615
617.5
620
622.5
625
627.5
630
635
637.5
640
642.5
645
647.5
650
652.5
655
657.5
660
662.5
665
667.5
670
672.5
675
680
682.5
685
687.5
690
692.5
695
697.5
700
705
710
715
720
725
730
735
740
745
750
755
760
767.5
775
780
785
790
795
800
802.5
805
807.5
810
812.5
815
817.5
820
822.5
825
827.5
830
831
832
833
834
835
836
837
838
839
840
