4
16
32
48
64
96
112
124
136
144
164
180
210
224
263
304
344
360
384
392
408
424
440
456
472
496
520
536
552
568
584
601
616
632
640
656
664
672
680
688
696
704
712
720
728
736
744
752
760
768
772
780
788
796
804
812
820
828
836
844
852
860
868
876
884
892
908
912
914
916
918
920
922
924
926
928
930
932
934
936
938
940
942
944
946
948
950
952
956
958
960
962
964
966
968
970
972
974
976
978
980
982
986
988
990
992
994
996
998
1002
1004
1008
1012
1016
1020
1026
1030
1034
1036
1038
1042
1046
1050
1052
1056
1060
1064
1068
1070
1074
1078
1082
1084
1086
1090
1094
1096
1103
1132
1148
1153
1174
