1099
1104
1109
1114
1124
1129
1134
1139
1144
1148
1152
1158
1164
1170
1175
1180
1185
1190
1194
1199
1205
1211
1218
1221
1230
1239
1245
1249
1258
1269
1279
1289
1299
1308
1315
1319
1327
1333
1339
1344
1349
1365
1370
1376
1382
1387
1392
1398
1404
1409
1414
1419
1425
1430
1435
1440
1450
1459
1465
1470
1475
1480
1485
1490
1495
1500
1505
1512
1516
1523
1529
1535
1538.5
1548
1557.5
1562
1567.1
1571
1576.59
1580
1585
1594
1599
1603
1605
1610
1620
1630.4
1639.8
1652.19
1661.09
1671
1675
1685
1689
1695
1699
1705
1714
1725
1735
1745
1757
1764
1767
1772
1779
1788
1800
1810
1820
1830
1848
