60
65
70
75
80
85
90
95
100
105
110
115
120
125
130
135
140
145
150
155
160
165
170
175
180
185
190
195
200
205
210
215
220
225
230
235
240
245
255
260
265
270
275
280
285
290
295
300
305
310
315
320
325
330
335
337.5
340
342.5
345
347.5
350.2
352.5
355
357.5
360
362.5
365
367.5
370
372.5
375
377.5
380
382.5
385
387.5
390
391.7
393.4
395
396.7
398.4
400
401.7
403.4
405
406.3
408.4
410
411.7
413.4
415
416.7
418.4
420
421.7
423.4
425
426.3
428.4
430
431.7
433.4
435
436.7
438.4
440
441.7
443.4
445
446.25
447.5
451
453
455
456.7
458.4
460
461.7
463.4
465
466.7
468.4
470
471.4
473.4
475
476.7
478.4
480
481.7
483.4
485
486.7
488.4
490
491.7
493.4
495
496.7
498.4
500
501.25
502.5
503.75
505
506.5
508
509
510
511.25
512.5
513.75
515
516.5
518
519
520
521.25
522.5
523.75
525
526.5
528
529
530
531.25
532.5
533.75
535
536.5
538
539
540
541.25
542.5
543.75
545
547
548
549
550
551.25
552.5
553.75
555
556.5
558
559
560
561.25
562.5
563.75
565
566.5
568
569
570
571.25
572.5
573.75
575
576.5
578
579
580
581.25
582.5
583.75
585
586.5
588
589
590
591.25
592.5
593.75
595
596.5
598
599
600
601.25
602.5
603.75
605
606.5
608
609
610
611
612
613
614
615
616
617
618
619
620
621
622
623
624
625
626
627
628
629
630
631
632
633
634
635
636
637
638
639
640
641
642
643
644
645
646
647
648
649
650
655
657.5
660
662.5
665
667.5
670
672.5
675
677.5
680
682.5
685
687.5
690
692.5
