0.73
1.46
2.19
2.92
3.65
4.38
4.81
4.96
5.54
6.12
6.7
7.08
7.46
7.84
8.22
8.6
8.98
9.36
9.74
10.12
10.5
10.88
11.26
11.64
12.08
12.52
12.96
13.4
13.84
14.28
14.72
15.07
15.42
15.77
16.12
16.47
16.82
17.17
17.52
17.87
18.22
18.57
18.92
19.27
19.62
19.97
20.32
20.67
21.02
21.37
21.72
22.07
22.42
22.77
23.12
23.47
23.82
24.17
24.52
24.87
25.22
25.57
25.92
26.27
26.62
26.97
27.32
27.67
28.02
28.37
28.72
29.07
29.42
29.77
30.12
30.47
30.82
31.17
31.52
31.87
32.22
32.57
32.92
33.27
33.67
33.97
34.32
34.67
34.92
35.17
35.42
35.67
35.92
36.17
36.42
36.67
36.92
37.17
37.42
37.65
37.88
38.11
38.34
38.57
38.8
39.03
39.26
39.49
39.72
