2
6
10
14
18
22
26
30
34
38
42
46
50
54
58
62
66
70
74
78
82
86
90
96
100
104
108
112
116
120
124
128
132
136
140
144
148
152
156
160
164
168
172
176
180
184
188
192
194
198
200
202
206
210
214
218
222
226
230
234
238
242
246
250
254
258
262
266
270
274
278
282
286
290
294
298
302
306
310
314
318
322
326
330
334
338
342
346
350
354
358
362
366
370
374
378
382
386
390
396
402
404
408
410
412
414
418
422
426
430
434
438
442
446
448
450
454
458
462
466
470
474
478
482
486
490
494
498
502
504
508
512
516
520
524
528
532
536
540
542
544
548
552
556
558
564
566
572
576
580
584
588
592
595
597
599
602
603
607
609
611
612
