95
100
110
115
120
125
130
135
140
145
150
160
165
170
175
180
185
190
195
200
205
210
215
220
225
230
235
240
245
250
255
260
265
270
280
285
290
295
300
305
310
315
320
325
330
344
350
355
360
365
370
375
380
385
390
395
398
399
400
402
405
407
410
412
415
417
420
422
425
427
430
432
435
437
440
442
443
445
447
450
452
454
455
457
460
462
465
467
470
472
475
477
480
482
485
490
492
495
497
500
502
505
507
510
512
515
517
518
520
522
525
527
530
531
533
535
537
540
542
545
550
555
560
570
575
580
584
590
595
600
610
620
630
640
650
660
670
680
690
