500
508
516
522
530
538
546
554
562
570
578
586
594
602
610
618
626
634
642
650
658
666
674
682
690
706
714
722
730
738
746
754
762
770
778
786
794
802
810
818
826
834
842
850
858
866
874
882
890
906
914
922
930
938
946
954
962
970
978
986
994
1002
1010
1018
1026
1034
1042
1050
1054
1058
1062
1066
1070
1074
1078
1082
1086
1090
1094
1102
1106
1110
1114
1118
1122
1126
1130
1134
1138
1142
1146
1150
1154
1158
1162
1166
1170
1174
1178
1182
1186
1190
1204
1210
1218
1226
1234
1242
1250
1258
1266
1274
1282
1290
1298
1306
1314
