6
26
46
66
86
106
126
147
168
190
206
222
247
270
288
301
319
332
347
360
369
376
392
418
441
453
480
486
512
522
532
541
550
564
574
602
609
615
622
632
644
654
658
664
669
677
682
692
702
708
716
721
726
735
741
747
752
759
765
771
777
780
791
808
814
821
827
832
837
841
846
852
859
865
871
876
881
888
895
899
904
910
916
920
925
930
933
937
942
947
952
958
963
968
972
973
974
975
976
977
978
979
980
981
982
986
997
999
1001
1004
1007
1012
1018
1023
1028
1033
1037
1042
1046
1051
1055
1060
1064
1069
1073
1077
1082
1085
1089
1093
1096
1100
1104
1107
1111
1114
1118
1122
1126
1131
1135
1139
1143
1148
1152
1156
1159
1163
1167
1170
1174
1181
1184
1206
1209
1212
1216
1220
1224
1228
1232
1235
1239
1242
1247
1251
1255
1259
1263
1268
1272
1277
1281
1287
1292
1297
1302
1307
1312
1317
1323
1328
1331
1337
1342
1346
1352
1356
1362
1367
1372
1379
1385
1390
1396
1397
1400
1406
1411
1416
1421
1422
1426
1431
1436
1441
1446
1452
1456
1461
1466
1470
1474
1478
1482
1485
1491
1495
1500
1503
1509
1513
1517
1521
1524
1527
1532
1538
1542
1547
1552
1558
1566
1571
1578
1585
1589
1595
1600
1602
1603
1604
1605
1606
1607
1608
1609
1611
1616
1620
1622
1623
1625
1626
1627
1628
1656
1663
1668
1673
1678
1683
1688
1689
1692
1693
1694
1694.2
1695
1697
1698
1699
1700
1701
1702
1704
