2.5
7.5
12.5
17.5
22.5
27.5
32.5
37.5
42.5
47.5
52.5
57.5
62.5
67.5
72.5
77.5
82.5
87.5
92.5
97.5
105.5
110.5
115.5
120.5
125.5
130.5
135.5
140.5
145.5
150.5
155.5
160.5
165.5
170.5
175.5
180.5
185.5
190.5
195.5
200.5
205.5
210.5
215.5
220.5
225.5
230.5
235.5
240.5
245.5
250.5
255.5
260.5
265.5
270.5
275.5
280.5
285.5
290.5
295.5
300.5
305.5
310.5
315.5
320.5
325.5
330.5
335.5
340.5
345.5
350.5
355.5
360.5
365.5
370.5
375.5
380.5
387.5
392.5
397.5
402.5
407.5
412.5
417.5
422.5
427.5
432.5
437.5
442.5
447.5
452.5
457.5
462.5
467.5
472.5
477.5
482.5
