2.5
8.5
9.5
14.5
16.5
19.5
24.5
29.5
31.5
35.5
37.5
39.5
43.5
45.5
49.5
50.5
54.5
57.5
59.5
64.5
69.5
71.5
73.5
78.5
79.5
85.5
89.5
93.5
95.5
99.5
102.5
105.5
107.5
110.5
114.5
119.5
124.5
129.5
134.5
139.5
141.5
143.5
145.5
147.5
149.5
151.5
153.5
155.5
157.5
159.5
161.5
163.5
168.5
173.5
178.5
183.5
188.5
193.5
198.5
203.5
208.5
213.5
218.5
223.5
227.5
229.75
237.5
241.5
243
248.5
253.5
258.5
263.5
268.5
274
278.5
284.5
287.5
292.5
294.5
296.5
298.5
302.5
304.5
305.5
307.5
309.5
310.5
311.5
316.5
321.5
326.5
331.5
336.5
341.5
346.5
351.5
356.5
361.5
364.5
365.5
367.5
370.5
375.5
380.5
385.5
390.5
395.5
398.5
402.5
405.5
410.5
415.5
420.5
425.5
430.5
435.5
440.5
445.5
450.5
455.5
459.5
462.5
464.5
465.5
467.5
470.5
475.5
480.5
485.5
490.5
495.5
500.5
505.5
510.5
515.5
520.5
525.5
530.5
536
542
