132
164
196
228
260
268
276
284
292
300
308
316
324
332
340
344
348
356
364
372
380
388
396
404
412
416
420
424
428
432
436
438
444
448
452
456
460
464
468
472
476
480
484
488
492
496
500
504
508
512
516
520
524
528
532
536
540
548
556
564
572
580
588
596
604
612
620
628
636
644
652
660
668
676
684
692
700
708
716
724
732
740
748
756
764
772
780
788
796
804
812
820
828
836
844
852
860
868
876
884
892
900
908
916
924
932
940
948
956
964
972
980
988
996
1004
1012
1020
1028
1036
1044
1052
1060
1068
1080
1084
1088
1090
1092
1093
1094
1095
1096
1097
1098
1099
1100
1102
1104
1106
1107
1108
1110
1111
1112
1114
1116
1120
1124
1128
1132
1136
1140
1144
1148
1152
1156
1160
1164
1168
1172
1176
1180
1184
