0
2
4
6
8
10
12
14
16
18
20
22
24
26
28
30
32
34
36
38
40
42
44
46
48
50
53
55
57
59
61
63
64
65
67
69
71
73
75
77
79
80
81
83
85
87
89
90
92
94
96
98
100
102
104
112
120
128
136
144
152
160
168
176
183.5
192
200
208
216
224
232
240
242
244
246
248
250
252
254
256
258
260
262
264
266
268
270
272
274
276
278
280
282
284
286
288
290
292
294
296
304
312
320
328
336
344
352
360
368
376
384
392
400
408
416
418
420
422
424
426
428
430
432
434
436
438
440
442
444
446
448
450
452
454
456
458
460
462
464
466
468
470
472
474
476
480
488
496
504
