1
10
20
30
40
60
80
90
100
110
120
130
140
149
165
175
195
202
205
210
215
250
260
270
290
295
297
298
310
320
330
352
360
370
380
385
390
395
400
430
452
460
470
480
490
500
510
520
530
540
550
560
585
595
605
615
635
645
650
655
665
675
685
695
715
725
745
750
755
760
770
780
790
800
805
815
825
832
845
865
870
875
885
895
900
905
908
910
915
918
920
925
928
930
935
938
940
945
948
950
955
958
960
965
968
970
975
978
980
985
988
990
998
1000
1005
1008
1010
1015
1018
1020
1025
1028
1030
1035
1038
1040
1045
1048
1050
1052
1054
1056
1058
1060
1062
1066
1068
1070
1072
1074
1076
1078
1080
1082
1084
1086
1090
1092
1094
1095
1096
1100
1102
1104
1106
1108
1115
1117
1120
1122
1125
1130
1132
1135
1137
1140
1142
1145
1147
1150
1152
1154
1155
1157
1160
1162
1165
1167
1170
1172
1175
1177
1180
