4
8
12
16
24
28
32
36
40
44
48
52
56
60
64
68
72
76
80
84
88
92
96
100
104
108
112
116
120
124
128
132
136
140
144
148
152
156
160
164
168
172
176
180
184
188
192
196
200
204
208
212
216
220
224
228
232
236
240
244
248
252
256
261
265
269
273
284
288
292
296
300
304
308
312
316
320
324
328
332
336
340
344
348
352
362
366
370
374
380
384
388
392
396
401
405.5
407.5
412
414.5
419
421
426
430.5
435
442
444.5
449
453.5
458
463
467.5
472
482
487
491.5
496
500.5
505
510
512
514.5
519
523.5
526
530.5
535
537.5
542
546.5
553.5
558
562.5
564.5
574
580.5
585
592
594
599
603.5
610.5
616
620.5
625
627.5
632
635
639
644
648.5
650
654.5
659.5
661.5
666.5
668.5
673
680
684.5
687
691.5
696
698.5
703
707.5
710
714
719
721
726
730.5
733
737.5
742
744
748.5
753
758
764.5
771.5
776.5
781
785.5
795
804
808
811
813
817.5
822
827
829.5
834
836.5
841.5
846
848
853
857.5
862
866.5
869
872
876.5
882
887
894
899
904
911.5
917.5
922
929
934
941
943
947.5
953
958
965
973
977.5
983
989
