-36
-34
-32
-30
-28
-26
-24
-22
-20
-18
-16
-14
-12
-10
-8
-6
1
2
3
4
5
6
7.5
10
12.5
15
17.5
20
22.5
25
27.5
30
32.5
35
37.5
40
42.5
45
47.5
50
52.5
55
57.5
60
62.5
65
67.5
70
72.5
75
77.5
80
82.5
85
87.5
90
92.5
95
97.5
100
102.5
105
107.5
110
112.5
115
117.5
120
122.5
125
127.5
130
132.5
135
137.5
140
142.5
145
147.5
150
152.5
155
157.5
160
162.5
165
167.5
170
172.5
175
180
185
190
195
200
205
210
215
220
225
230
235
240
245
250
255
260
265
270
275
280
285
290
295
300
305
310
315
320
325
330
335
340
345
350
355
360
365
370
375
380
385
390
395
400
405
410
415
420
425
430
435
440
445
450
455
460
465
470
475
480
485
490
495
500
505
510
515
520
525
530
535
540
545
550
555
560
565
570
575
580
585
590
595
600
605
610
615
620
625
630
635
640
645
650
655
660
665
670
675
680
685
690
695
700
705
710
715
720
725
730
735
740
745
750
755
760
765
770
775
780
785
790
795
800
805
810
815
820
825
830
835
840
845
850
855
860
865
870
875
880
885
890
895
900
905
910
915
920
925
930
935
940
945
950
955
960
965
970
975
980
985
990
995
1000
1005
1010
1015
1020
1025
1030
1035
1040
1045
1050
1055
1060
1065
1070
1075
1080
1085
1090
1095
1100
1105
1110
1115
1120
1125
1130
1135
1140
1145
1150
1155
1159
1160
1162.5
1164
1166.5
1169
1171.5
1174
1176.5
1179
1181.5
1184
1186.5
1189
1191.5
1192.8
1194
1196
1197.5
1199
1200.5
1202
1204
1206.5
1209
1211.5
1214
1219
1224
1229
1234
1239
1244
1249
1254
1259
1263
