0.5
32
64
96
128
160
192
208
240
256
272
288
304
320
336
352
360
368
376
384
392
400
408
416
424
432
440
448
456
464
464.4
465.15
465.85
466.55
467.2
467.9
468.65
469.35
470.05
470.8
471.6
472.35
473.05
473.65
474.2
474.85
475.5
476.15
476.95
477.85
478.65
479.4
480.15
480.95
481.8
482.6
483.4
484.2
485
485.75
486.45
487.1
487.75
488.45
489.2
489.95
490.65
491.35
492.05
492.8
493.7
494.6
495.4
496.2
496.95
497.65
498.25
498.75
499.35
499.95
500.5
501.05
501.7
502.5
503.15
503.75
504.45
505
505.4
506
506.65
507.1
507.6
508.15
508.7
509.3
509.9
510.6
511.3
511.95
512.6
513.2
513.9
514.7
515.4
515.95
516.5
517.15
517.85
518.5
519.15
519.85
520.5
521.2
522
522.85
523.75
524.55
525.2
525.75
526.35
527
527.55
528.1
528.65
529.15
529.7
530.3
530.85
531.35
531.9
532.5
533
533.55
534.15
534.7
535.3
535.9
536.65
537.35
537.8
538.3
538.85
539.45
540.05
540.65
541.25
541.75
542.25
542.75
543.25
543.85
544.55
545.15
545.65
546.2
546.8
547.4
548.05
548.65
549.15
549.7
550.3
550.95
551.6
552.15
552.75
553.45
554.1
554.65
555.15
555.7
556.25
556.75
557.25
557.75
558.25
558.75
559.35
560.05
560.7
561.25
561.75
562.35
562.95
563.35
563.7
564.25
564.85
565.35
565.8
566.25
566.8
567.35
567.9
568.45
568.95
569.5
570.1
570.65
571.25
572
572.65
573.15
573.6
574.05
574.6
575.2
575.7
576.15
576.65
577.15
577.6
578.05
578.5
578.95
579.5
580.05
580.55
581
581.45
581.95
582.45
582.95
583.4
583.85
584.3
584.75
585.2
585.7
586.25
586.75
587.2
587.65
588.25
588.85
589.3
589.75
590.3
590.85
591.35
591.9
592.55
593.15
593.65
594.2
594.7
595.15
595.65
596.1
596.55
597.05
597.55
598.05
598.6
599.1
599.6
600.2
600.75
601.3
601.8
602.25
602.75
603.25
603.75
604.3
604.9
605.5
606.05
606.5
606.95
607.45
607.95
608.5
609.1
609.6
610
610.4
610.8
611.25
611.75
612.25
612.75
613.25
613.75
614.25
614.75
615.3
615.9
616.6
617.25
617.8
618.4
619
619.55
620.1
620.7
621.3
621.9
622.5
622.95
623.35
623.9
624.5
625
625.55
626.15
626.65
627.55
628.45
628.85
629.2
629.65
630.1
630.55
631
631.4
631.8
633
634.25
634.7
635.2
635.85
636.45
636.95
637.45
638.05
638.8
639.5
640.05
640.55
641.05
641.5
641.95
642.45
643.05
643.7
644.3
644.8
645.25
645.85
646.45
646.95
647.6
648.4
649.1
649.65
650.2
650.8
651.35
651.85
652.4
653
653.65
654.25
654.85
655.5
656
656.5
657.1
657.7
658.25
658.7
659.1
659.55
660
660.4
660.9
661.45
661.95
662.45
663
663.6
664.2
664.8
665.4
666.05
666.7
667.3
667.9
668.4
668.85
669.35
669.85
670.3
670.7
672
673.35
673.9
674.45
674.95
675.45
676
676.55
677.05
677.55
678.05
678.55
679.1
679.65
680.2
680.8
681.35
681.85
682.35
682.85
683.3
683.7
684.15
684.65
685.2
685.75
686.15
686.55
687.1
687.65
688.15
688.7
689.2
689.6
690.05
690.55
691
691.45
691.95
692.45
692.95
693.45
693.95
694.45
694.9
695.35
695.85
696.35
696.85
697.35
697.8
698.3
698.9
699.45
699.95
700.45
700.95
701.55
702.2
702.85
703.45
703.95
711
720
728
736
744
751
760
768
776
792
800
824
832
841
848
856
864
872
880
888
896
904
912
920
928
936
944
952
960
968
976
979
981
982
983
984
985
986
987
992
1000
1008
1016
1024
1032
1040
1048
1056
1064
1072
1080
1088
1096
1104
1120
1136
1152
1168
1184
1200
1216
1232
1248
1264
1280
1296
