39
42
100
138
145
180
188
202
216
251
261
460
500
520
540
600
615
638
675
790
812
830
1573
2734
2860
2870
2880
2920
2932
2942
2952
2962
2972
2982
2992
3014
3024
3034
3044
3054
3064
3155
3165
3173
3188
3198
3210
3220
3230
3240
3250
3260
3270
3280
3290
3305
3315
3325
3335
3345
3355
3365
3375
3385
3397
3460
3500
3510
3520
3530
3540
3550
3560
3610
3620
3640
3650
3660
3670
3720
3730
3760
3770
3780
3790
3800
3810
3820
3860
3970
4010
4060
4120
4250
4270
4300
4330
4380
4420
4500
4540
4840
4895
5500
5530
5580
5620
5660
5730
5740
5820
5880
5930
5970
6030
6070
6110
6170
6220
6260
6300
6340
6370
6410
6490
6520
6560
6600
6640
6680
6710
6765
7210
8941
8965
