1
10
20
30
40
50
70
100
110
130
140
150
155
160
165
170
175
185
190
195
200
205
210
215
225
230
245
250
255
260
265
270
275
280
285
290
300
310
320
335
340
345
350
355
360
370
375
380
385
390
395
405
410
415
420
425
430
435
440
445
450
455
460
465
475
490
495
500
505
510
515
520
525
530
535
540
545
550
555
560
565
570
575
585
590
595
600
605
610
615
620
625
630
635
640
645
650
655
665
670
675
680
685
690
695
700
705
715
725
730
735
750
755
760
770
775
780
795
800
805
810
815
820
825
830
835
840
850
855
860
865
870
880
885
890
895
900
905
915
925
935
945
950
955
960
965
975
985
995
1005
1010
1015
1020
1025
1030
1035
1040
1045
1050
