2
34
66
98
130
162
194
226
258
290
322
354
386
418
434
442
450
458
466
474
482
490
498
506
514
522
530
538
546
554
562
570
578
586
594
602
610
630
638
642
650
658
666
674
690
706
738
770
802
840
866
898
930
962
994
1026
1058
1090
1122
1154
1186
1218
1250
1282
1314
1346
1362
1370
1378
1386
1394
1402
1410
1418
1426
1434
1450
1458
1466
1474
1482
1490
1498
1506
1514
1522
1530
1538
1546
1554
1562
1570
1578
1586
1594
1602
1610
1618
1626
1634
1658
1666
1674
1682
1690
1698
1706
1714
1722
1730
1738
1746
1754
1762
1770
1778
1786
1794
1802
1810
1818
1826
1834
1842
1850
1866
1874
1882
1890
1898
1906
1914
1922
1930
1938
1946
1954
1986
2018
2050
2082
2114
2146
2178
2210
2242
2274
2306
2338
2370
2402
