0
2.5
5
7.5
10
12.5
15
17.5
20
22.5
25
27.5
30
32.5
35
37.5
40
42.5
45
47.5
50
52.5
55
57.5
60
62.5
65
67.5
70
72.5
75
77.5
80
82.5
85
87.5
90
92.5
95
97.5
100
102.5
105
107.5
110
112.5
115
117.5
120
122.5
125
127.5
130
132.5
135
137.5
140
142.5
145
147.5
150
152.5
155
157.5
160
162
164
166
168
170
171
172
174
176
178
180
181
182
184
185
186
188
190
191
192
194
196
198
200
201
202
204
205
206
208
210
211
212
214
216
218
220
221
222
224
230
235
240
245
250
255
260
265
270
275
280
285
290
295
300
305
310
315
320
325
326
328
330
331
332
334
336
338
339
341
342
344
345
350
355
360
365
370
375
380
385
390
395
400
405
410
415
420
425
430
435
440
445
450
455
460
465
470
472.5
475
477.5
480
482.5
485
487.5
490
492.5
495
497
497.5
499
500
501
502
503
504
505
507
509
510
515
520
525
530
535
540
545
550
