0
5
10
15
20
25
30
35
40
45
50
55
60
65
70
75
80
85
90
95
97
105
110
115
120
125
130
135
140
145
147
155
160
165
170
175
180
185
190
195
197
205
210
215
220
225
230
235
240
245
247
255
260
265
270
275
280
285
290
295
297
305
310
320
325
330
335
340
345
347
355
360
365
370
375
380
385
390
395
397
405
410
415
420
425
430
435
440
445
450
455
460
465
470
475
480
485
490
495
500
505
510
515
520
525
530
535
540
546
550
555
560
565
570
575
580
585
590
595
600
605
610
615
620
625
630
635
640
645
650
655
660
665
670
673
675
680
685
690
695
700
705
710
715
720
725
730
735
740
745
755
760
765
770
775
780
784
790
795
