22
28
36
44
52
60
68
76
84
86
88
90
92
94
96
98
100
102
104
106
108
110
112
114
116
118
120
121
128
136
144
152
160
168
176
184
185
186
188
190
192
193
194
196
198
200
202
204
206
208
210
212
214
216
217
218
220
222
224
226
228
230
232
234
236
238
240
248
256
264
272
280
288
296
304
312
320
328
336
344
352
360
368
376
384
392
400
408
416
424
432
440
448
456
464
472
480
488
496
504
512
520
528
536
544
552
560
568
576
584
592
594
596
598
600
602
604
606
608
610
612
614
616
627
632
640
656
672
688
704
720
736
752
768
784
800
816
830
845
860
875
890
905
920
