5
10
20
30
40
50
60
70
80
90
100
110
130
140
150
160
170
180
190
200
210
230
240
250
260
270
280
300
310
320
330
350
360
365
370
380
400
410
420
430
440
450
460
470
480
490
500
520
530
540
550
560
580
590
610
620
630
640
660
670
680
690
710
720
740
745
750
760
770
780
790
795
800
810
830
840
845
850
860
870
880
885
890
900
910
930
940
945
950
960
970
980
990
995
1000
1010
1020
1030
1040
1050
1060
1070
1080
1090
1100
1110
1120
1130
1140
1150
1160
1170
1180
1190
1200
1205
1210
1215
1220
1225
1235
1245
