513
532
557
580
600
623
640
660
680
700
720
740
760
780
800
820
840
860
880
900
915
930
950
970
990
1000
1010
1020
1030
1040
1050
1060
1070
1080
1090
1100
1110
1120
1130
1140
1150
1152.5
1155
1160
1165
1170
1175
1180
1185
1190
1195
1200
1205
1210
1215
1220
1225
1230
1235
1240
1245
1250
1255
1260
1265
1270
1275
1280
1285
1290
1295
1300
1305
1312.5
1317.5
1322.5
1327.5
1332.5
1335
1337.5
1340
1342.5
1345
1350
1355
1357.5
1360
1365
1370
1375
1380
1382.5
1385
1390
1395
1400
1405
1410
1415
1417.5
1420
1422.5
1425
1430
1434
1437.5
1439.5
1441.5
1445
1447
1449
1455
1456
1457
1458
1459
1461
1464
1466
1467
1477
1483
1487
1492
1499
