700
710
720
730
740
750
760
770
780
790
810
820
830
840
850
860
870
880
890
900
910
920
930
940
950
960
970
980
990
1000
1010
1020
1030
1040
1050
1060
1070
1080
1090
1100
1110
1120
1130
1140
1150
1160
1170
1180
1190
1200
1215
1225
1235
1245
1255
1265
1275
1285
1295
1305
1315
1325
1335
1345
1355
1365
1375
1385
1395
1405
1415
1425
1435
1445
1455
1465
1475
1485
1495
1505
1515
1525
1545
1555
1565
1575
1585
1595
1605
1615
1625
1635
1645
1655
1665
1675
1685
1695
1705
1715
1725
1736
1745
1755
1765
1775
1785
1795
1805
1815
1825
1835
1845
1855
1865
1875
1885
1900
1910
1920
1930
1940
1950
1960
1970
1980
1990
2000
2010
2020
2030
2040
2050
2060
2070
2080
2090
2100
2110
2120
2130
2140
2150
2160
2170
2180
2190
2200
2207
2220
2228
2239
2249
2262
2274
2282
2292
2305
2318
2330
2340
2350
2360
2370
2380
2390
2398
2406
2416
2426
2436
2446
2456
2466
2476
