depth	min	max	median	mean
0	-50	295	110	115
1	-5	305	128	133
2	17	316	149	150
3	33	324	167	168
4	42	333	189	186
5	51	357	205	203
6	77	367	222	220
7	94	382	237	236
8	110	397	252	253
9	120	413	267	269
10	134	436	284	286
11	155	449	301	303
12	178	459	318	320
13	198	473	337	338
14	210	487	355	355
15	227	516	372	372
16	250	519	384	386
17	267	530	399	400
18	283	541	414	414
19	294	558	431	428
20	298	578	445	442
21	316	586	459	457
22	339	594	473	472
23	356	609	489	486
24	367	624	503	501
25	374	648	515	515
26	401	656	532	532
27	420	680	551	549
28	436	698	569	567
29	447	718	587	584
30	460	746	602	601
31	488	761	621	620
32	506	774	640	640
33	527	793	659	659
34	535	827	676	679
35	548	866	693	698
36	582	875	713	718
37	609	887	736	738
38	623	899	756	758
39	639	921	779	778
40	647	955	799	798
41	667	966	814	814
42	686	977	831	831
43	699	991	847	847
44	712	1018	863	864
45	722	1048	878	881
46	754	1059	900	901
47	769	1078	922	921
48	781	1098	944	942
49	793	1126	965	962
50	804	1155	985	983
51	847	1169	1008	1007
52	873	1183	1035	1031
53	894	1203	1059	1056
54	912	1237	1085	1080
55	926	1282	1105	1104
56	978	1298	1139	1139
57	1015	1319	1176	1173
58	1036	1358	1212	1207
59	1052	1426	1249	1242
60	1062	1504	1279	1276
61	1105	1511	1302	1301
62	1137	1521	1326	1325
63	1165	1530	1353	1350
64	1198	1546	1377	1374
65	1212	1561	1404	1398
66	1236	1575	1422	1418
67	1262	1583	1442	1438
68	1277	1606	1461	1458
69	1292	1637	1481	1477
70	1312	1666	1499	1497
71	1329	1678	1527	1523
72	1355	1698	1555	1549
73	1384	1732	1583	1575
74	1395	1770	1607	1601
75	1411	1820	1632	1627
76	1451	1837	1659	1658
77	1484	1851	1693	1688
78	1524	1876	1728	1719
79	1550	1924	1756	1749
80	1561	1974	1785	1779
81	1622	1994	1811	1810
82	1666	2011	1839	1841
83	1702	2032	1874	1871
84	1733	2056	1901	1902
85	1752	2100	1930	1932
86	1790	2120	1961	1963
87	1825	2148	1990	1993
88	1856	2176	2022	2024
89	1876	2213	2055	2055
90	1896	2263	2086	2085
91	1943	2282	2112	2113
92	1979	2306	2143	2142
93	2009	2329	2172	2170
94	2027	2356	2199	2198
95	2043	2409	2227	2226
96	2096	2420	2254	2253
97	2128	2432	2282	2281
98	2143	2452	2312	2308
99	2157	2482	2341	2335
100	2171	2528	2366	2362
101	2193	2540	2391	2386
102	2220	2551	2415	2409
103	2240	2574	2439	2433
104	2251	2600	2462	2456
105	2263	2647	2485	2479
106	2316	2667	2517	2513
107	2357	2693	2551	2546
108	2388	2733	2584	2579
109	2409	2790	2620	2613
110	2429	2865	2651	2646
111	2472	2869	2674	2670
112	2504	2880	2700	2695
113	2515	2891	2726	2719
114	2535	2915	2753	2744
115	2552	2948	2778	2768
116	2618	2962	2808	2805
117	2673	2980	2844	2841
118	2722	3011	2882	2878
119	2756	3046	2919	2914
120	2778	3109	2954	2951
121	2810	3122	2977	2974
122	2831	3135	3000	2997
123	2855	3164	3023	3019
124	2880	3193	3044	3042
125	2895	3225	3063	3065
126	2934	3238	3088	3087
127	2961	3255	3110	3109
128	2975	3278	3131	3130
129	2997	3300	3155	3152
130	3013	3334	3176	3174
131	3053	3350	3203	3200
132	3079	3364	3232	3227
133	3100	3385	3257	3253
134	3116	3422	3284	3280
135	3131	3471	3309	3307
136	3167	3482	3323	3325
137	3199	3491	3341	3343
138	3222	3506	3362	3362
139	3236	3526	3382	3380
140	3244	3550	3401	3398
141	3275	3561	3424	3422
142	3299	3579	3449	3447
143	3317	3612	3475	3471
144	3331	3639	3498	3495
145	3344	3671	3520	3519
146	3380	3689	3548	3547
147	3415	3713	3576	3575
148	3437	3745	3608	3602
149	3462	3787	3635	3630
150	3478	3841	3660	3658
151	3517	3849	3694	3691
152	3552	3868	3730	3723
153	3573	3901	3764	3756
154	3597	3959	3791	3788
155	3617	4031	3817	3821
156	3655	4048	3847	3848
157	3682	4068	3873	3875
158	3715	4087	3903	3902
159	3733	4111	3931	3929
160	3755	4148	3962	3956
161	3795	4158	3991	3985
162	3833	4177	4020	4014
163	3851	4201	4049	4043
164	3861	4230	4081	4071
165	3874	4272	4112	4100
166	3942	4294	4143	4137
167	3996	4320	4177	4173
168	4045	4349	4214	4209
169	4073	4400	4253	4246
170	4099	4447	4287	4282
171	4137	4463	4310	4307
172	4167	4478	4335	4332
173	4192	4504	4360	4356
174	4208	4531	4388	4381
175	4232	4565	4412	4406
176	4257	4581	4433	4428
177	4287	4603	4454	4450
178	4311	4627	4475	4473
179	4325	4649	4494	4495
180	4347	4678	4516	4517
181	4372	4691	4543	4541
182	4401	4707	4566	4566
183	4426	4729	4591	4590
184	4449	4761	4614	4615
185	4467	4797	4638	4639
186	4500	4814	4662	4664
187	4533	4830	4688	4688
188	4555	4850	4715	4713
189	4576	4889	4739	4737
190	4590	4929	4764	4762
191	4630	4942	4787	4787
192	4667	4952	4811	4812
193	4690	4972	4837	4837
194	4707	5007	4862	4862
195	4720	5053	4888	4887
196	4757	5059	4904	4906
197	4786	5070	4925	4925
198	4806	5084	4943	4944
199	4825	5101	4964	4963
200	4837	5123	4981	4982
201	4869	5132	4998	4999
202	4893	5143	5017	5016
203	4911	5156	5034	5034
204	4922	5174	5052	5051
205	4934	5196	5070	5068
206	4952	5206	5084	5083
207	4969	5218	5100	5098
208	4988	5235	5113	5112
209	5001	5256	5126	5127
210	5011	5284	5142	5142
211	5034	5295	5156	5157
212	5055	5307	5171	5172
213	5069	5322	5186	5188
214	5081	5341	5201	5203
215	5090	5359	5217	5218
216	5111	5369	5233	5235
217	5134	5382	5249	5251
218	5150	5406	5265	5268
219	5161	5435	5281	5284
220	5174	5457	5298	5301
221	5198	5467	5312	5317
222	5217	5485	5328	5333
223	5230	5495	5346	5349
224	5244	5508	5363	5365
225	5251	5533	5379	5381
226	5276	5544	5397	5400
227	5292	5555	5418	5420
228	5315	5567	5440	5439
229	5325	5587	5458	5458
230	5335	5619	5477	5477
231	5368	5629	5496	5498
232	5383	5648	5516	5518
233	5401	5668	5537	5538
234	5415	5685	5559	5558
235	5422	5716	5582	5578
236	5456	5723	5597	5594
237	5475	5739	5613	5611
238	5493	5751	5629	5627
239	5506	5767	5645	5643
240	5518	5792	5660	5659
241	5544	5798	5673	5673
242	5564	5810	5687	5687
243	5578	5826	5701	5702
244	5597	5838	5714	5716
245	5608	5868	5727	5730
246	5631	5875	5741	5745
247	5649	5882	5758	5759
248	5664	5899	5772	5774
249	5672	5917	5786	5788
250	5678	5936	5802	5803
251	5708	5946	5816	5819
252	5730	5956	5831	5835
253	5741	5976	5847	5850
254	5752	5996	5866	5866
255	5760	6019	5882	5882
256	5788	6026	5895	5897
257	5805	6033	5911	5912
258	5814	6040	5926	5926
259	5826	6061	5939	5941
260	5836	6080	5955	5956
261	5856	6092	5970	5971
262	5880	6106	5985	5987
263	5890	6118	6000	6002
264	5896	6139	6018	6018
265	5908	6167	6033	6033
266	5933	6174	6046	6049
267	5951	6184	6063	6064
268	5966	6197	6079	6080
269	5979	6210	6095	6096
270	5991	6236	6111	6111
271	6010	6240	6121	6124
272	6024	6250	6133	6136
273	6033	6257	6146	6149
274	6044	6277	6160	6162
275	6055	6295	6172	6174
276	6070	6303	6183	6185
277	6087	6313	6194	6197
278	6098	6328	6204	6208
279	6111	6342	6216	6219
280	6120	6363	6227	6230
281	6133	6371	6238	6240
282	6145	6382	6248	6251
283	6156	6392	6259	6261
284	6163	6399	6269	6271
285	6172	6416	6278	6281
286	6186	6426	6289	6292
287	6194	6434	6300	6303
288	6202	6447	6311	6314
289	6212	6459	6322	6325
290	6217	6481	6335	6336
291	6232	6492	6346	6348
292	6240	6506	6358	6360
293	6249	6514	6370	6372
294	6258	6526	6381	6384
295	6264	6547	6391	6396
300	6312	6622	6456	6458
305	6364	6693	6525	6526
310	6432	6766	6589	6593
315	6506	6835	6660	6663
320	6561	6917	6734	6736
325	6626	6987	6814	6814
330	6702	7056	6890	6886
335	6769	7140	6962	6959
340	6853	7204	7023	7025
345	6924	7269	7092	7093
350	6986	7331	7154	7155
355	7046	7395	7219	7221
360	7108	7455	7281	7282
365	7180	7526	7350	7349
370	7243	7591	7413	7414
375	7302	7657	7480	7477
380	7365	7721	7542	7543
385	7430	7789	7608	7607
390	7490	7849	7676	7676
395	7571	7936	7753	7754
400	7646	8007	7825	7827
405	7717	8066	7890	7894
410	7784	8140	7967	7965
415	7863	8224	8040	8037
420	7936	8303	8118	8117
425	8018	8388	8192	8193
430	8084	8452	8263	8263
435	8157	8525	8327	8331
440	8232	8606	8409	8411
445	8316	8666	8491	8488
450	8373	8737	8557	8557
455	8442	8807	8630	8629
460	8500	8866	8697	8695
465	8589	8933	8760	8762
470	8659	8995	8823	8823
475	8726	9064	8893	8892
480	8791	9134	8951	8953
485	8847	9181	9009	9012
490	8905	9234	9067	9067
495	8953	9293	9118	9120
500	9001	9349	9166	9170
510	9104	9433	9265	9267
520	9189	9539	9360	9361
530	9291	9622	9454	9456
540	9386	9709	9542	9543
550	9455	9803	9628	9629
560	9551	9882	9715	9713
571	9644	9973	9807	9807
580	9710	10056	9883	9883
590	9798	10152	9966	9970
600	9892	10242	10059	10061
610	9980	10330	10156	10157
620	10059	10450	10255	10254
630	10160	10565	10357	10361
640	10280	10690	10482	10486
650	10423	10875	10636	10640
660	10596	11079	10825	10826
670	10732	11347	11014	11020
