10
12.5
14
15
17.5
20
22.5
25
27.5
30
32.5
35
37.5
40
42.5
45
47.5
49
50.5
52.5
55
57.5
60
62.5
65
67.5
70
72.5
75
77.5
80
82.5
85
87.5
90
92.5
95
99
101
105
110
115
120
125
130
135
139
145
149
151
155
160
165
170
175
180
185
190
195
199
201
202
205
215
220
225
230
235
240
245
249
255
260
265
270
275
281
285
290
295
299
301
305
310
315
320
325
330
335
340
345
349
351
355
360
365
370
375
380
385
390
395
399
402
405
410
415
420
425
430
434
440
442
445
447
451
455
460
465
470
475
485
490
495
499
501
505
510
515
520
525
530
536
540
545
548
550
555
560
565
570
575
580
585
590
595
598
600
605
610
615
620
625
630
635
640
645
647
651
655
660
665
670
675
680
685
690
695
699
701.5
703.5
705.5
707.5
711
711.5
714
715
717
719
722
725
727
729
732.5
733.5
734
735
736
738
744.5
745
746.5
748
751
752.5
754.5
755
756
758
759.5
772
773.5
776
778.5
780
783.5
785
786.5
788.5
790
792.5
793
796
797.5
799
800
802.5
805
806
807.5
809
813
815
828
832.5
835
836
841
843
845
847
850
