18
22
27
32
37
42
47
52
58
62
69
76
83
90
97
104
111
118
125
132
139
146
153
160
167
174
181
188
195
202
209
216
223
231
238
245
252
259
266
273
280
287
294
301
308
326
333
340
347
354
361
368
375
382
389
396
403
410
417
424
429
436
443
450
457
464
471
478
485
492
499
506
513
520
523
527
531
538
545
552
559
566
573
580
587
594
601
608
615
622
632
639
646
653
660
667
674
681
688
695
702
709
716
723
730
736.5
743
749.5
756
762.5
769
775.5
782
788.5
795
801.5
808
814.5
821
827.5
836
843
850
857
864
871
878
885
892
899
906
916
923
930
937
944
951
958
965
972
979
986
993
1000
1007
1014
1021
1033
1040
1047
1054
1061
1068
1075
1082
1089
1096
1103
1110
1117
1123
1130
1137
1144
1151
1158
1165
1172
1179
1186
1193
1200
1207
1214
1221
1228
1238
1245
1252
1259
1266
1273
1280
1287
1294
1299
1304
1309
1314
1319
1324
1329
1334
1339
1344
1349
1354
1359
1364
1369
1374
1379
1384
1389
1394
1399
1405
1410
1414
1419
1424
1429
1434
1439
1444
1449
1454
1459
1464
1471
1476
1481
1486
1491
1496
1501
1506
1511
1514
1520.40002441406
1524
1528.5
