0
10
20
30
40
50
60
70
80
90
100
110
120
130
140
150
160
170
180
190
200
210
220
230
240
250
260
270
280
290
300
310
320
330
335
340
350
360
370
372.5
375
380
382.5
385
387.5
390
400
410
420
430
440
450
460
470
480
490
495
500
505
510
515
520
525
530
540
550
555
557.5
560
565
570
572.5
575
580
585
590
600
610
615
620
625
630
632.5
635
637.5
640
642.5
645
650
652.5
655
660
662.5
665
667.5
670
675
680
685
690
700
710
712.5
715
717.5
720
722.5
725
727.5
730
732.5
735
737.5
740
742.5
745
747.5
750
755
760
765
770
775
780
782.5
785
787.5
790
792.5
795
797.5
800
802.5
805
807.5
810
812.5
815
817.5
820
825
830
835
840
845
850
855
860
865
870
875
880
890
900
910
920
930
940
950
960
980
1000
1020
1040
1060
1080
1100
1120
1140
1160
1180
1200
1220
1240
1260
