24
32
48
64
80
96
112
128
144
160
176
192
208
224
240
256
272
288
304
320
336
352
368
384
400
416
432
448
464
480
496
512
528
544
560
576
592
608
624
640
656
672
688
704
720
736
752
768
784
800
816
832
848
864
880
896
900
904
908
912
916
920
924
928
932
936
940
944
948
952
956
960
964
968
972
976
980
984
988
992
996
1000
1004
1008
1012
1016
1020
1024
1028
1032
1036
1040
1044
1048
1050
1052
1054
1056
1058
1060
1062
1064
1066
1068
1070
1072
1074
1076
1078
1080
1082
1084
1086
1088
1090
1092
1094
1096
1098
1100
1102
1104
1106
1108
1110
1112
1114
1116
1118
1120
1122
1124
1126
1128
1130
1132
1134
1136
1138
1140
1142
1144
1146
1148
1150
1152
1154
1156
1158
1160
1162
1164
1166
1168
1184
1200
1216
1232
1248
1264
1280
1296
1312
1328
