2364
2372
2380
2388
2396
2406
2414
2422
2430
2438
2446
2454
2456
2458
2460
2462
2470
2478
2486
2490
2494
2498
2506
2510
2514
2518
2522
2530
2538
2546
2554
2562
2570
2578
2586
2594
2597
2608
2616
2624
2632
2640
2648
2656
2664
2672
2680
2688
2696
2698
2716
2720
2724
2728
2732
2736
2740
2742
2744
2746
2748
2752
2756
2760
2764
2768
2772
2776
2780
2784
2786
2788
2790
2792
2794
2796
2798
2808
2812
2816
2820
2824
2828
2832
2836
2840
2844
2848
2852
2856
2860
2864
2880
2884
2888
2892
2896
2900
2904
2908
2912
