12
50
80
105
125
155
175
205
225
255
265
305
325
345
355
375
385
405
425
435
455
475
495
505
525
545
555
575
585
605
625
645
655
675
695
705
725
735
755
775
785
805
815
825
835
845
855
865
875
885
895
905
915
925
935
945
955
965
975
985
995
998
1002
1005
1009
1013
1015
1019
1022
1025
1029
1033
1035
1040
1044
1045
1049
1052
1055
1059
1062
1065
1068
1072
1075
1078
1082
1085
1088
1092
1095
1098
1102
1105
1108
1109
1110
1112
1115
1125
1134
1145
1155
1165
1185
1195
1205
1215
1225
1235
1275
1305
1310
