0.5
5.5
10.5
16.5
21.5
31.5
34.5
44.5
49.5
54.5
59.5
64.5
69.5
74.5
79.5
84.5
89.5
94.5
99.5
104.5
109.5
114.5
119.5
124.5
129.5
139.5
144.5
149.5
154.5
164.5
169.5
174.5
179.5
184.5
189.5
194.5
199.5
204.5
209.5
214.5
219.5
224.5
229.5
234.5
239.5
244.5
249.5
254.5
259.5
264.5
269.5
274.5
279.5
284.5
289.5
294.5
299.5
304.5
309.5
314.5
319.5
324.5
329.5
334.5
339.5
344.5
349.5
354.5
359.5
364.5
369.5
374.5
379.5
384.5
389.5
394.5
399.5
404.5
409.5
414.5
419.5
424.5
429.5
434.5
439.5
444.5
449.5
454.5
459.5
464.5
469.5
474.5
479.5
484.5
489.5
494.5
504.5
509.5
514.5
519.5
524.5
529.5
534.5
539.5
544.5
549.5
554.5
559.5
564.5
569.5
574.5
579.5
584.5
589.5
594.5
599.5
604.5
609.5
614.5
619.5
624.5
629.5
634.5
639.5
644.5
649.5
654.5
659.5
664.5
669.5
674.5
679.5
684.5
689.5
694.5
699.5
704.5
709.5
714.5
719.5
724.5
729.5
730.5
