2.7
12.7
22.7
32.7
44.7
56.4
62.3
72.8
84.5
91.5
99.7
103.2
112.5
114.9
123
126.5
134.7
138.2
146.4
149.9
158.1
161.6
173.3
185
190.8
202.5
214.2
220
226.4
232.8
246.7
259.5
272.2
284.9
297.6
310.3
329.4
340.8
348.4
354.8
361.2
367.5
373.9
380.2
394.2
400
410.1
421.2
426.8
432.4
443.5
454.6
465.8
471.3
488
499.2
510.3
515.9
521.5
532.6
543.7
554.9
571.5
580
586.2
593.7
599.8
604.8
609.7
617.2
622.1
629.5
634.5
641.9
648.1
651.8
654.3
659.2
664.2
666.6
671.6
676.5
679
683.9
691.4
696.3
702.3
703.7
708.7
716.1
