450
458
466
474
482
490
494
498
502
506
509
514
518
522
526
530
534
538
542
546
550
554
558
562
566
570
574
578
582
586
590
594
598
602
606
608
609
614
618
622
626
630
634
638
642
646
650
654
658
662
666
670
674
678
682
686
690
694
698
706
714
718
726
730
734
738
742
746
750
754
758
762
766
770
774
782
786
790
794
798
802
806
809
814
818
822
826
830
834
838
842
846
850
854
858
866
874
882
890
898
906
909
918
926
934
942
950
958
966
974
982
990
998
1006
1009
1018
1026
1034
1042
1050
1058
1066
1074
1082
1090
1098
1106
1118
1126
1134
1142
1143
1150
1154
1158
1166
1168
1170
1172
1174
1176
1178
1180
1182
1184
1186
1187
1190
1192
1195
1197
1198
1200
1202
1204
1205
1206
1207
1208
1209
