10
20
30
40
50
60
70
80
85
90
95
100
105
111
115
120
125
130
135
140
145
150
155
160
165
170
175
180
185
190
195
200
205
210
215
220
225
230
232
235
237
240
242
245
247
250
252
255
257
260
262
265
267
270
275
280
285
290
295
300
305
310
315
320
325
330
335
340
342
345
347
350
355
360
365
370
375
380
390
400
410
420
430
440
450
455
460
465
470
475
480
485
490
495
500
505
510
515
517
520
522
524
526
528
530
532
534
536
538
540
542
544
546
548
550
552
553
554
555
556
557
559
560
562
564
565
566
568
570
572
574
576
578
579
580
581
583
584
585
587
589
591
593
595
597
598
599
601
